- name: 1
  point: [0.665182888507843, -1.203020572662354, 1.179182648658752, 88.47774169244074, 76.52252495321831, -48.33955531855653]
- name: 2
  point: [0.7147687673568726, -1.244477033615112, 1.173622012138367, 179.9999938511152, 87.18172940971968, 179.9999898177243]
- name: 3
  point: [0.7061495780944824, -1.03509247303009, 0.9985341429710388, -93.01843945421182, 20.97336471654179, -91.08128647917306]
- name: 4
  point: [0.5968227982521057, -1.087283849716187, 0.9838575124740601, -94.20466252208213, 21.46252732715512, -55.71787853779917]
