- name: 1
  point: [0.5767598152160645, -1.161960124969482, 1.0158371925354, 22.92856404153541, 26.54230126434272, 2.562731003109279]
- name: 2
  point: [0.5963808298110962, -1.198213815689087, 1.013342142105103, 5.47753466366186e-06, 26.41698384667512, -97.05294757284233]
- name: 3
  point: [1.091790354251862, -1.126552367210388, 0.8531627655029297, -1.934047223634158e-06, 11.37457300188216, -77.99777569901759]
- name: 4
  point: [0.9123039841651917, -1.249469041824341, 1.048985600471497, 23.50344328731696, 85.01908841021235, -54.51768160510716]