- name: 1
  point: [0.8, -1.13294, 1.10987, 6.755080245423144e-06, 21.55470077604551, -78.41680282328241]
- name: 2
  point: [1.100000023841858, -1.370000004768372, 1.049999952316284, -2.581479198981087e-06, 11.37457230062308, -77.99777397015771]
- name: 3
  point: [0.6554099917411804, -1.399092197418213, 1.02884578704834, 2.668231581294755e-06, 20.90574245628245, -97.05293411922811]
- name: 4
  point: [0.9011558294296265, -1.255711555480957, 1.084961533546448, 10.37937015138358, 12.78904577202019, -66.29174232246551]