- name: 1
  point: [0.93, -1.23337733745575, 1.104748129844666, 65.47676703847849, 77.97409489539824, -25.87356871191176] 
- name: 2
  point: [0.9712081551551819, -1.065636277198792, 1.031280279159546, 89.11282208549174, 42.88137758318867, -90.23342102152429]
- name: 3
  point: [0.982599675655365, -1.248825669288635, 1.118794441223145, -179.9999374146811, 89.71621217147975, -179.999948952354]
- name: 4
  point: [0.9774245023727417, -1.168664693832397, 1.105125427246094, 0.7884831018062345, 70.26118166307035, -91.06168318787047]

  SISTEMA L'ORDINE DI GRASP 