- name: 1
  point: [0.7361922860145569, -1.009443998336792, 1.059582829475403, 91.74079828492033, 52.0486021339228, -59.39690853044742]
- name: 2
  point: [0.8129568099975586, -0.9642423391342163, 1.117740154266357, -90.81113195667926, 47.96383643831138, -92.96487432739953]
- name: 3
  point: [0.8818308115005493, -0.9185670018196106, 0.8914331793785095, -89.98609685467324, -9.64607889196644, -109.33492761268]
- name: 4
  point: [0.9530173540115356, -1.009952902793884, 1.015895247459412, -90.16130400107706, 36.68970817033399, -140.6712008693245]