- name: 1
  point: [0.665182888507843, -1.203020572662354, 1.179182648658752, 88.47773504569578, 76.52252122827753, -48.33955364787588]
- name: 2
  point: [0.7147687673568726, -1.244477033615112, 1.173622012138367, 179.999980889842, 87.18172313201829, 179.9999768564513]
- name: 3
  point: [0.7061495780944824, -1.03509247303009, 0.9985341429710388, -93.01843275622599, 20.97336320631111, -91.08127992067591]
- name: 4
  point: [0.5968227982521057, -1.087283849716187, 0.9838575124740601, -94.2046557386798, 21.46252578170127, -55.71787452571763]