- name: 1
  point: [0.5906696319580078, -1.161354184150696, 1.008862972259521, 22.92856220074228, 26.54229966730917, 2.56273065787024]
- name: 2
  point: [0.5912778377532959, -1.239854574203491, 0.9866940975189209, 1.986290475503249e-06, 20.90574360665684, -97.05294404879315]
- name: 3
  point: [1.0917903542518616, -1.126552367210388, 0.8531627655029297, -1.93404715434553e-06, 11.37457259235728, -77.99777289082168]
- name: 4
  point: [0.9088554978370667, -1.254038214683533, 1.001855254173279, 91.16369232940949, 79.80283394894424, 14.2187638890949]