- name: 1
  point: [0.6796854138374329, -1.1707364320755, 1.111995935440063, 175.5069947248257, 65.89074974852286, -68.09958118986285]
- name: 2
  point: [0.9409791231155396, -1.022020936012268, 1.09376335144043, 92.660543302397, 40.8775687872112, -139.0820316191405]
- name: 3
  point: [0.9730265736579895, -1.168847680091858, 1.111438632011414, -92.03249044150718, 71.11047016970085, -92.44514939644222]