- name: 1
  point: [-0.09404487907886505, 1.182777404785156, 1.173272848129272, 6.849412607082992, 36.71601464725209, 94.65333691263241]