- name: 1
  point: [0.01142683438956738, 1.198228001594543, 1.242118000984192, 86.35661748444021, 36.71599042359821, 94.65331964551396]