- name: 1
  point: [0, 0, 0.12, 179.9999887144125, 14.05228082906504, 90.92988488492941]
- name: 2
  point: [0, 0, 0.14, 179.9999887144125, 14.05228082906504, 90.92988488492941]
- name: 3
  point: [0, 0, 0.16, 179.9999887144125, 14.05228082906504, 90.92988488492941]
- name: 4
  point: [0, 0, 0.18, 179.9999887144125, 14.05228082906504, 90.92988488492941]