- name: 1
  point: [0.4836868941783905, 0.5293264985084534, 0.6673964262008667, 8.721507989114656, 20.07440303829242, 24.08151371638778]
- name: 2
  point: [0.640824556350708, -0.2062572240829468, 0.6216979026794434, 10.00000014345128, 20.00000018045818, 5.000000024369373]