- name: 1
  point: [0.4939355552196503, 0.2795773148536682, 0.3269692361354828, 8.721507989114656, 20.07440303829242, 24.08151371638778]
- name: 2
  point: [0.5577777028083801, -0.009041920304298401, 0.5168826580047607, 10.00000014345128, 20.00000018045818, 5.000000024369373]
- name: 3
  point: [0.425483226776123, 2.60770320892334e-08, 0.9500391483306885, -2.272158277974981e-06, -33.57169903360232, 6.868221013542664e-07]
- name: 4
  point: [0.3446452915668488, -0.2952586114406586, 0.4199239015579224, 22.59145695791555, -25.5191890346571, -44.00366608201993]